5047
5054
5064
5065
5195
5262
5345
5390
5421
5422
5423
5424
5425
5427
5441
5467
5476
5478
5479
5480
5483
5484
5485
5486
5487
5488
5489
5490
5492
5494
5495
5496
5497
5498
5499
5500
5506
5507
5508
5509
5510
5511
5514
5515
5516
5517
5518
5519
5520
5521
5522
5523
5524
5525
5529
5530
5531
5535
5537
5538
5539
5542
5543
5544
5545
5547
5548
5559
5560
5561
5562
5563
5564
5565
5566
5567
5568
5569
5570
5571
5572
5573
5574
5592
5593
5594
5595
5596
5597
5606
5607
5608
5609
5612
5613
5615
5618
5619
5620
5637
5638
5639
5640
5641
5642
5643
5644
5648
5650
5651
5652
5653
5654
5655
5656
5661
5692
5703
5705
5706
5707
5710
5711
5712
5713
5714
5715
5716
5717
5726
5727
5728
5729
5730
5731
5732
5733
5734
5737
5738
5739
5740
5742
5743
5744
5745
5746
5747
5748
5750
5751
5752
5753
5754
5755
5756
5757
5758
5759
5760
5761
5764
5774
5775
5782
5788
5789
5790
